143
31
31
143
78
339
46
48
260
88
69
274
170
316
137
338
298
97
120
111
341
56
319
284
229
232
28
51
64
126
132
273
49
117
58
33
67
104
257
128
277
332
329
346
203
289
228
143
246
53
236
41
143
31
143
31
305
93
87
191
348
238
256
216
141
65
214
76
136
230
217
312
27
326
200
345
79
309
205
25
296
157
43
307
167
237
196
297
106
251
252
253
254
62
294
21
268
121
283
37
39
275
153
270
143
31
31
143
267
60
152
115
287
231
212
303
74
127
130
241
73
129
344
109
218
336
85
310
116
100
169
279
337
240
330
192
114
333
261
163
134
227
133
160
108
342
343
98
61
278
159
57
32
308
122
269
143
31
31
143
19
295
259
47
311
285
271
125
164
101
158
26
325
55
194
291
286
145
84
276
156
142
199
52
328
323
242
340
219
80
234
148
139
306
223
86
144
149
198
220
221
24
327
248
168
161
20
258
143
31
143
31
150
75
110
31
113
34
239
16
91
288
119
105
266
202
147
193
68
82
304
83
151
250
107
244
245
211
54
72
165
262
322
321
315
124
225
77
66
30
334
210
243
280
40
201
90
89
138
146
143
31
31
143
94
324
209
226
335
263
29
290
206
22
23
123
265
118
44
247
131
59
155
71
50
92
154
235
233
347
281
35
272
81
38
317
318
18
45
162
140
331
208
255
314
70
293
204
42
282
292
143
31
31
143
94
324
209
226
335
263
29
290
206
22
23
123
265
118
44
247
131
59
155
71
50
92
154
235
233
347
281
35
272
81
38
317
318
18
45
162
140
331
208
255
314
70
293
204
42
282
292